18611796966
13810868180
13301279537
13901333406
18611638031
15910662366
18210218971
13911155347
18682322322
18682322588
18810270568
18511836063
13439852106
18701531573
13810666232
18310992918
15010982704
18600338870
13521508596
18682322368
18801201094
18610699077
18030162215
13122978793
13311129270
18657585900
13436366031
13811201343
18031676778
13480974974
13651824281
18610866422
13708187987
18922301000
18922268000
18551800818
18612008372
18612003893
13141394852
13810392674
15604846600
18179156886
13810697136
18583943663
18551735307
17721015192
18611738807
13813970177
15261195376
18627825670
13146699919
13392667666
18668051193
18939577490
15926206473
18555235009
13051460085
18677213920
18701682488
18625299007
13160679866
13701256474
18612703801
18601920749
15117987071
18922350222
13750851991
18611623313
13986003102
18986244482
15501065550
18802715648
18010180454
18640137718
18624017522
13572250268
15901334679
13776044411
15001135126
15107153135
18510412370
15320559009
15604322867
13552825246
18611615637
15811263534
13436990656
13311056651
13810876602
15538189789
15136216056
18600640286
15901005343
18660161555
15129269861
18629521020
18500879096
15305179319
13810143660
13550005817
13910668339
18910977547
18010879806
18511960887
15210003123
18652964360
13146708556
18520295800
13381070616
13370182519
18609628984
18610183799
15801693753
15305175752
15010526097
18641692411
18502505022
18600652691
18310099359
13828440247
13810147895
18501254433
15042621353
18611305068
18811077603
13810147183
13164274490
13810134157
13522092841
18600279236
13911174738
15811017054
15010985173
15910616530
15110208627
13121777989
18604344055
15010109413
18681876665
18611131147
15110056650
18010418805
15011459126
13269167341
18611435985
18811169285
13109843653
18612469617
13401081353
18515448007
13811565865
15210955972
13810144717
18612260934
18510163017
18600874536
18010036077
13522487500
18922201695
18611434873
18612562951
15806676287
15550008627
18210550929
18639137377
13436384933
18612987530
13601163051
15110094305
18516151312
13381069089
15210956250
18600500105
18911895639
15210061146
13426412635
18610815971
15001386465
13691141405
13161180525
13810462320
13260031972
13701302329
18610808051
15600647058
15010525585
13366242988
13671115208
13786183335
15091857308
13521385122
15992695525
18500307721
13439990378
18188117739
18616626972
18201043756
18611368943
18911911466
13511076474
18685026672
15210834863
15210753480
15210044235
15311160965
13718205466
15801438967
15327377023
15801339717
15120089385
13501148909
13521493929
13261566013
18710047077
18624264826
15666137213
18390953462
18983928673
18573325168
18627558187
15011580082
18292541248
15600046644
13521080610
18911159707
13488683156
13240450598
13552148322
18601177280
13911402032
15210668733
15321899850
18310835520
18601165965
18611452235
18600903475
18811218476
15210234490
13041027611
15201692607
18601288347
17090132997
18610736250
13671290315
18910931377
15710010037
18911883373
13811121479
13120179213
18618140153
13911523123
18911622726
18968167787
15011516541
18618257089
18618166705
18610759552
18801014332
18610327250
15652306230
15640729838
13601294571
15201467363
15110250083
18610023787
13701394903
18515661278
18211170879
18301386185
13164273940
13520390394
13520306154
18601367665
18701376776
18602719559
15210460148
13810168413
13761990497
13651228539
18600989590
18610096110
13311381772
13581899891
18511663962
13426482012
18610137580
13910683960
18911131676
18612624482
13636351841
18310786696
13581801578
18610319287
18501379615
15810599265
18703219927
18531181457
13699111910
15054111897
15098868150
18857498721
18625581813
13523094354
15610287925
13910677755
15010496816
18911905082
18610995918
15001203735
18604622888
13810352771
13611126764
18911870798
13552227411
18201488923
13311361767
15001239334
15811348252
18610160023
15210312768
18501168020
18655117359
18115098198
13581796709
13520708084
18010025061
18611754193
13146231662
18612183578
15901017522
18518378480
18611989873
13466391210
13511015391
18126763338
13466606461
18612315595
18612339655
15801585265
18600801736
18913961228
15074945480
18640330675
18614059009
13716721762
13522336542
18600291350
13811626614
15041209002
18475392151
18051028728
18987284133
13998117759
18061616133
15366009860
18655366682
13925520202
18126763376
18903066222
18641106052
18126763339
15286085757
18611727129
18658100358
15618392398
13186990617
15618308626
18917337652
15688986599
17709808881
15210652122
13332451970
13466543310
18610289648
13439605321
15652342721
15510425134
13911790891
13366268826
15901092743
18511678509
18701622932
13720080542
13539986425
15811511101
13522270029
15810779908
13634104148
18175180199
15210890764
13521854647
18701438356
18569410719
13207918717
15201095909
18698847380
13426271980
13552406494
13426013992
18645528633
18551770177
18392867208
15116426320
15922871313
18640407758
18842403906
13304506644
15698176907
18561756686
18500687558
18611308478
13070196040
13552891759
18810291566
13331346677
18622973617
18522238769
15067952443
13625645380
18657675257
18658432227
18658291158
13713873225
18606098112
18577090139
18687013700
18126763866
18027336083
18588818007
18314393240
18611869002
18604025241
13762716123
13911556656
13926520650
18210911816
13911372495
18810231342
13520538952
13661367017
18513952995
13518060921
13466629872
18500971389
15011427826
18910207106
18576233660
18569470053
13337211000
17708471106
15152113368
18576674663
18614086380
18600824356
15011458383
15811595414
13810548922
13611009873
13691520924
13661161462
15101193015
17701315590
13810988114
13683029132
15210361160
15210006700
13697751024
13804323879
18342052220
15110119925
18701723538
13971259502
15210619391
18501501238
18210847561
13241006064
18671180223
18811006703
18801080360
18510727887
13068108560
18610817119
18612774075
13811825325
18612565795
18600466777
18551647858
18600750023
18910206939
13047157415
18577835982
18625981112
13608093061
13961943353
13801154436
13755631237
18551417746
18667182026
13157112606
15854211808
13325137339
13835106899
18835108588
13734007989
18235142172
18611235729
13215979089
18565258034
15625171821
18129973837
18588260685
13037829418
18642273039
18646148696
18750278390
15941905213
15040667634
18672093388
13708371828
15690567209
18911955995
13606391915
13141322890
13811510371
13609861033
18311499837
13466505860
13520662700
18611390655
15110230400
18840679960
18910165509
17710031068
15801117132
13581599907
13699189609
15201166379
18901381690
18511077800
13837179085
15964509796
15716663551
18298022625
18601096646
18500986340
18601014697
18907164411
13611659224
18507496220
13802987534
13437290721
18618416827
18640958810
13889556678
15107153210
18065286609
18511337206
15910532601
18618381157
13911227314
15251883690
15810935981
18688782327
13718811242
13811241180
18510172004
15688972659
13196018777
15998465707
15173254630
18963647196
15601207031
15810112171
18611088884
13338816983
13552726167
18610503751
13691104155
13581967579
18611999870
18612083768
13020081912
13716870344
15110140514
18050807517
18611205722
13522759570
13902220414
13810390664
15260127179
13274484666
13798980715
15918331050
18751994856
18551677191
13726028009
13480003707
18566133889
15641023444
13810041143
18501047005
13060392647
18600233454
18622763757
13910270416
15101532188
18661755124
15001107726
18696120746
15617563080
18530869515
15617983666
13271171615
18739947220
18234135600
18674097958
15071166940
15527780204
15623925908
15271947055
13476167755
13657247866
13554658668
15377068941
18663726070
13335190628
18366194678
15098983988
18754155610
15098854444
15168820333
15153103210
15953188965
13864006853
13406928156
15666747375
15621796596
15653429252
15610290019
13054770800
13762087985
18773009015
15074905874
13574122150
18670041118
13942048631
13933831606
18020268511
15133163160
13617251092
13043133186
13333875650
15236293865
15227290263
15104443575
18641931965
15972112208
18674642271
18970817063
15879159686
13230902224
13953336921
18537950923
15841164249
13722550884
13933580506
18106600366
13043816669
13003035835
15842057635
15142245569
15241243412
15143101618
13841910930
15552781860
18246097479
13941367773
18660575402
13286905431
18576000183
15019904825
18698998964
15542995711
18356050510
13207918796
15897082040
15141995552
13066720271
13244722222
15734046151
18645597321
18686669413
15841609739
15500779048
13276443545
15940022175
18731888287
13856079394
18615712989
18628146892
13883150032
18502860740
18686351300
13889190279
18640273568
18513173542
17701376874
18630149339
15552241005
18642666814
18604651416
15945535000
15545530095
13861500642
13961877031
13204667115
13206762851
15842413991
18841731895
15590895311
15146042726
13846299649
15164679094
15663373535
15164609623
13011660799
18561537308
18265903166
18369503259
15730023411
18580004299
18580002422
15823299107
13452156100
15815407199
18151350785
13261803503
15241039202
15934048343
18565588889
18561989939
13538053971
18625295578
18868391663
18219176757
13022203923
18602636225
18622306930
18553902533
18669442844
18205492068
18551382189
18620704390
15719587747
15121913181
18195232223
13602196315
15960011315
18046050441
15980852191
15259504686
13514014132
18673326353
18651801402
18651619480
13829739637
15820536133
15813322310
18620610228
13630087248
18607576766
15626223066
13807625361
15242675717
15040412002
18841326818
13984324690
13898322777
13502096829
13602033286
15714267808
15963516157
13176070777
18987299515
15041032521
13455947598
13823520357
18676393967
13928292861
18658166962
13111004395
18535174810
18787595284
14787377057
13678721109
13887458039
18387739568
15687123344
13652751025
13414553032
13229915206
15306669440
13233633733
15278115023
18376643653
18561515089
18634342405
15610213031
18977773499
15941239673
18636312180
13181933684
13764790583
15655266219
18696188851
15610259292
18550096230
15068792735
13116622113
18505222155
13728600373
18605205414
15587923137
18506919606
18255376933
15840058425
15963226360
13159550180
18698663079
13468779751
18511286934
17701205488
15810630946
13811666197
13146850155
15910291642
13901124729
15186982279
13193325286
15801591488
15841249007
18678989855
15001373313
18612181429
15600256750
13520040756
18560232167
13654253011
15079251685
18579187554
15600677485
18612295503
13609833612
15940034484
13156289953
15844077983
15942918177
18742242277
18811489039
15910646463
15201108468
15932496187
18630229132
15910553794
18842514923
17090085021
13426011398
18810004805
15801446871
15001255148
15940114432
13932153517
15373907200
18240028606
15948715386
15291815669
15504336811
18304031699
18615353521
18642886644
18970425578
18500738186
13521022145
18610040603
18910445265
13683259052
18518262998
13816123451
13811393950
15944150994
13626194715
13901016758
15321611134
13238077033
13399510610
18622459652
15062206403
18609886643
15843246215
13055614671
13426039874
18910485465
17771889499
15120067825
15669537791
18640803521
18230114940
18242686671
18663905070
18511870529
13810498312
13811752911
18610296557
13581513943
18701554620
13419518029
18382257744
18502721247
13277989710
18621566527
18611498740
18613820243
15801217824
13366246300
13581542407
18513535928
18672757571
18520232753
15650739810
15655162725
18575678031
15801449144
13730607091
18226985910
15214260531
15860443873
18842465747
13810347429
15601317360
13691396846
15889725835
15845828541
17710120717
17710154520
13801379708
13338790708
18623676312
18523976297
18701608163
13691203534
15313001126
13872397839
18515070750
18618466929
13071124687
18660621720
15998339832
15902028113
18620301684
13188430520
13910438162
13687339003
15901261216
15011140302
18500879386
15011583830
13811166083
18610458682
18068838063
18628985468
15328545623
18520039093
15233358571
15120021510
15910842298
18201025671
13646724888
13940232672
15801683754
18511896096
13520901530
13161354920
15901555085
13691456069
13699230992
18210329523
15810736689
18689411540
18515668915
18301002980
13263147312
17710058760
18311454656
13608889033
13911332799
18200397781
15810236669
13691356470
13871474263
13811722531
18311445763
18701674509
15210415156
18831361489
18813113751
13651966888
15010250817
13701393798
18625179019
15724750657
18910067195
13581794849
13121579901
13501022688
18910902378
18610323625
18610108296
15840567601
18924771539
15513663311
15135093050
13653414243
13075391558
13723764100
15889638508
18615462500
13834626139
15015368823
13204126669
18842935999
15019444134
13788107010
18695155133
18840710055
15588808670
18842809886
15959368952
18817488350
13912386573
13594748850
18600832949
15901277924
18501920660
15050213701
13581797695
18401215870
18646386055
13045270662
13878157293
15067438461
13265319024
18515378081
13559266355
15242611216
13547999447
18639877907
13661078680
18610177882
15911029087
13701142508
15810760690
13910755514
15215697782
18665694191
15915380986
13889809842
13997571416
18661387313
18663664287
15167314474
13406994222
15807536758
13029925953
18106986661
15763942944
15168270100
13683331434
13813158666
15202603039
18295173709
18601796591
15623030543
15810067393
13269661201
15811357042
18510577072
13436859877
18612228441
13717786503
13811648716
18600038456
18612833619
13720041957
18766182700
18669836320
17771879159
18954640228
13797056001
18605468131
18827424841
13422933211
13802784736
18611804116
13681276073
18611859358
18201017813
13601312994
15840867102
18811428630
18600841060
18701610036
13051456790
18210665045
17710135305
15965152453
13365440282
18618205047
13099587719
18295172156
18652044561
15271522967
13955502059
13164966166
18942919675
13701128895
18561622265
13671396346
13811966389
18510664123
15801572614
15646568700
13161776487
13521029755
15010667876
18010050611
18901035560
18601044945
13691011003
18600002639
18618149212
13701102623
13811152617
18611402566
13559115592
18616290193
18200199560
18683507737
15959995221
13608016660
13806009971
18909889856
18513597990
15810423902
18695630698
18067362348
13772498790
18610238286
18611301931
13501125720
18618180830
18500092107
13810168930
18611692346
18201580883
15202207453
13840812211
15942611075
18645473877
13621091710
18010182084
18600217586
15110117249
13522410349
13154377763
13469990151
18701500539
15192775463
18611235280
15330292595
15101531019
13787007278
15229260719
18710075128
18910357390
15210935009
18612977058
18801296602
13356687520
13019848800
18604307783
13240972066
18601357011
18810008510
18810380680
15210830288
13552776960
13718823647
13522712519
18500234627
18676732376
13810693818
18600576146
13672098498
13311101019
15210950657
18601083978
18621805719
18292809787
15291911023
13928409193
15621286357
18622562123
13716415572
13082215656
15910631726
18801051705
18513950510
18811474059
18511696009
15809243591
18911996346
15209229319
15044112292
18861253816
15801338867
18515493139
18600072849
18614040112
18607714074
18382267667
15829026984
13455315855
15810794051
18610390667
18010022910
15011800500
18610001575
13241809429
13693179034
18911550330
13522077909
18500789789
13520562103
18910626505
13521382806
18001163520
18612649557
18589020304
18602509382
18701470611
15811830818
13768402695
13795121095
13466734293
15810036103
18310509826
15142118114
13810594495
15101107616
18611270688
13811812849
13811772952
13901286958
18210966123
18210561158
18560095302
15910957558
15101075497
18518027498
18910332528
15001274390
18510327367
15110012180
18664875240
15217328756
18561726399
18225656535
15840902385
18698278778
18612496121
13436835680
18610311828
13811649523
18612412008
15092563385
15001186080
18814788171
18904977575
18776164799
13888282856
18667163372
15725425020
18901582604
18001553210
13818246392
13636671047
15606607620
18611088624
18611999157
18201321289
13146608037
13311391927
18658807766
18513587225
13641200197
18001316449
15011081363
18701695564
13661013507
18211122416
15810212495
13810421975
13520460010
13521674482
13566051843
15396229935
18004433739
15167188161
18072922344
18661865426
13500350523
18092851014
13906888411
15555189155
18650007520
13632336641
13631417126
13811728935
18646603933
15272136152
15058427047
15999823033
15202071995
13238090260
15842630566
13604308300
13910093426
18611246007
15011200930
13811578224
15810612183
13810532964
13810075040
13560471340
18222704340
13652006815
18500152080
18612978445
18326115113
18612567516
15210212006
13701136663
18810314950
18773171483
13630198269
18710931270
15623974887
18789899975
13935134062
15106973731
15165280837
13998722707
18676556899
18553106616
15764161377
13223023761
18638678737
13996209087
18618153013
15154197036
18646969652
18505190953
18655121990
15213219952
18856020599
15895988331
18620215488
18210147320
13269179294
15035881041
13754849878
15969812341
18858426800
13510170270
13942384443
13776641286
18910417365
15110171832
15001140802
15313577218
18311301886
13717884631
15010579217
13391932113
18614022131
17701314988
15801066854
13450234586
15827601097
18580203343
18611420325
15210467910
13436967911
13656487215
18600662035
15536530245
15801497951
18302398130
13376252808
13975119336
15736798313
18768860519
15638884656
17701292063
13910210269
15652368104
13911728738
18969880009
13998554556
15998610928
18501251007
13821161534
18665817812
18501363774
18236926360
18612188252
18311225905
15801228065
15827098446
15701297837
15011134626
13301161693
18002197286
13269229233
18611512824
15319988711
18600490009
15201196991
18626392849
15068821154
18668985023
18937181864
18604078673
15241814738
18640559100
15004263320
15640175811
18641943368
18641343471
18645091363
15636396710
18689907203
18650356964
15280156639
18003952293
18500229321
13051075615
13426298574
13521999711
18600613313
18600956512
15838239272
15510687529
15210980769
17888833383
18001170521
18680835005
13915528806
15207424519
13001912695
15532017399
18515062170
13303134230
13261535512
18866128339
18520311768
18701379482
13716413541
13069623058
15901032208
13552242841
13581521168
15010600532
13473132535
15811375194
15313015995
18201284014
18810938363
13150578787
13520702879
15810104792
18701667528
18911537754
18611035554
18311438414
18001166402
13488876956
13426453166
18131702991
13716426624
15810574634
13728630440
13888611127
15087117787
13520903488
13552175125
15190929981
18910710247
18500562734
13051683544
13121536321
15210665668
18034208252
15811052346
13621226784
15330265699
18211186813
18505120315
18810762029
13681386221
13911331212
13381121126
13810424519
18611223629
18510510244
15210565763
18601208202
18600583708
13601111600
13691419921
15210838485
18611622940
18510378767
15601009645
13811548011
15210958659
15011195889
13552606178
13681820370
18610181826
15600355660
18810357844
15910697523
18810759598
18612249028
18610137517
18611210182
13936073467
18638281782
17710153717
15910554044
13520999321
18601178219
18500132697
13476034322
13167392293
13776903000
18611026581
15313932053
13683190103
15701299667
18559631697
17701250753
15910702270
15010183612
18354230570
17600871702
15250043528
18625772929
18846086585
13366449898
18629259886
13464544044
18669598200
15063074117
18746338350
18946365558
15694106127
13464991411
13841700116
15941103602
13144322105
18684344778
13039303849
15081557280
13968370606
13188260716
13898833078
15004057521
18602027946
18679933284
13520851221
13601292363
18618486560
15810015782
18612673052
13801380641
15810615122
18611745680
18611136186
15101049620
18810253629
13522170523
18801025152
18677097003
13461740506
15932018860
13718345371
13911084211
18601241390
13910828765
18611722684
13641100245
13146033727
13718246417
15101071382
15734690927
18322247523
15810799073
13466753029
15801662105
18601294075
15652321831
13810612524
18811792699
18611385204
13691035777
15001048640
15911128121
13521326365
13618613918
18571776272
13361354708
13604534931
18122350609
15010460881
15081027012
13260497265
13621049433
18571553533
18553285338
15098885730
15066123710
15834160100
18956051620
18258857560
18588206283
18310166303
15010836219
13283881250
15910911920
13146302313
13071180903
15303129419
13301395692
18196601321
13810263479
18805955790
13521770534
15911121975
18811751161
13811183307
15711378906
18518988459
13426065863
13910893174
15210679891
18911870898
15945687019
15046780527
13154540009
18076576223
18314135579
18629341757
13910069717
18603069931
18513599528
13466791623
13581728327
18600077657
15810784498
18600818961
13611260272
13478165041
15022228389
15901165412
13053593623
18381322551
13767412540
18666437642
18628814097
13770818829
15106210226
18862156468
15905061789
18311129180
18611760487
15116907569
18501329456
13664222338
13515963461
13823254063
18552084579
15611790952
13588058168
18010037360
13581534810
18310062865
13811675278
13161653368
18601345622
18500519560
13121152417
15652323826
15910639723
18610294220
18611664787
15110001050
18910695035
13693309836
13520530401
15810038190
13466352449
18600852295
15210668262
18611165260
18612221059
13568876848
13011274776
13269086909
13426055360
15877988739
13501091284
13952466459
13768438639
18611700329
13301270563
15210906257
18611267611
15210867962
18600363703
13466787420
13611220718
13426106606
18600211298
13601338961
18500172074
18623418446
18562173063
18684924916
18249999019
15396201740
18973167321
18169113914
18810828900
18610049895
13552979772
18612205538
13581522986
15208967005
15110010311
18618376179
18710082366
13720010020
13693086507
13037978339
13581560406
15959298508
18649711718
15192046003
18624342726
18998999969
18522365853
13642198497
13604447261
13922772274
18868810050
15810623868
13820410576
13928780109
18510361942
15210337581
18501368658
13522987625
18611385990
15711171922
18600412690
13901328854
13810980046
13811242353
13581736160
15311540410
13311588757
13524764298
13732639912
13391983651
18611131530
15029935353
18611280826
13910121643
15959138349
18611126100
18500540069
18301197966
18600756488
18612943517
15810030158
13910185202
15330011029
13641015747
18510980240
13480206775
18612936197
13811896318
13716106102
18601193204
18600262063
18618292580
18611448732
18611289143
18515068689
15801444650
18600236509
18910782071
13426451620
18600013442
13647204427
18611295850
18600365530
18612290581
18618347130
18301296200
13911265393
13701052110
18610368020
13683598953
13466593666
18600155923
18514237818
15811253779
13811169464
18910771893
18500788591
13811811867
13910033975
13906006676
17701223131
18810710083
18646117736
13810095257
15011274495
13717997880
18511727027
18611832072
15810819253
15101068422
13810756827
13810739129
18684762588
13683072056
18612271008
15110137856
18612386408
13522407385
18201028526
18310717424
18600363064
18611928615
13810179441
18910612647
13522691681
15232323975
13685580068
18618140727
13439321812
13520134188
15010262452
18610203575
18612881572
18689207863
13802972666
18511866961
13810450115
18600772210
18611554881
15910806119
18514535007
15801152142
18310934968
15821586118
13020027674
18810482119
18401755824
15210666497
15910304153
15010099204
13031080621
13436962736
15311457684
15110230827
13141333987
13811624547
13381351073
13691017926
15231198019
18611351392
13681593264
15101015065
18641799665
18611991435
15652558033
18210204319
13911129803
13810450086
18511457356
13801264670
13917670333
18916083399
18910523159
15811334464
13371688770
13426303564
15901096773
13810247017
15652695034
18611733359
15010676628
18600479593
18652532430
18500038151
13621207087
13581745733
15210492508
15910694306
13718461111
18610934872
15811477732
13581760985
13121365064
13381859790
18722605836
18611785061
18610292453
13773599731
13126733519
18662211296
13146258213
18610690887
13581543359
15901080503
13911363041
18210048936
15810685705
15010101063
13301285830
18701370151
18600415863
13911209035
18868876920
18618195317
13522886689
15011003571
18810085020
15810309233
18238133747
13301289627
13311344893
13240433546
13681405236
13811021112
15810341755
18310639401
15222204562
18807166674
18311411703
15512198673
18631613905
18434886878
13269510317
15652429231
13261607221
13520192123
18800121966
18600961001
13466710724
13911652866
18201050655
13391882866
15011500839
15801483810
18910603344
18612962420
18511870891
18701426572
15120004556
18815294997
13811330672
13717685371
15001292033
18513793201
18601362265
13488681203
18911248709
13691497402
15201049008
13810356632
18511588670
13641169709
13811153387
15311939759
18601641681
13811852311
13261957715
15613220807
15701315767
13681454473
13521812919
18500088392
13717832734
13363252019
13522976587
18610138617
18600226795
18301175179
13716066961
18510630404
18600896761
18600085567
18210520058
18911005242
18611922630
18610490531
13366131793
15010016509
13366163704
18701564838
17888810581
13401022000
18601141733
18600650593
18600650597
15927664333
15810416301
15231621872
13011814138
13120285030
13671092556
18628262361
15811127279
13381178665
13160775666
15249251634
18236836811
15201089007
18046552329
15011332635
18801132910
13718936404
18701245997
18612035951
13910034673
13439762606
15001130189
18198243256
18911295670
18701502500
13811181520
18614046533
15212366834
13581627845
13998694429
15901462725
13910028432
13552735575
15222092690
15850658690
18612989510
15652998074
18810785269
18511870613
14704079911
15210945569
15110119719
15210087449
18311176812
13303320059
13426254179
15091083963
15640545360
13718424455
13661256096
18611090750
15110031292
18870195670
13121730117
18201386154
15010973162
13718858684
18911639523
15810276295
15001294148
18600405486
18501377557
18601380237
15810691848
15810610919
18222334065
18311062043
15811027252
13426399536
13121554496
13671275236
13581532003
13581704358
18822661867
13512923961
13012273389
18010023880
18811597657
15010031813
17701386040
15801464613
13920012213
18301386187
13311251328
13426169746
15011577420
18601176693
13521161735
18039415067
18337111114
15910892709
15652001317
18810992505
13910994007
15810556362
15810526822
15808360811
15046542030
13671008077
18910710184
18510833161
18600330517
13552623948
13045160521
13001241002
18611175713
15901538838
15001068681
18510968350
15201587601
15110110844
13240310314
13811845577
15210157138
18614235393
18514596968
18500238819
18610855024
13581764363
18811598051
13910269055
18500458519
18610085135
13261702682
15201461920
15601316700
13681102845
13828789809
15210121270
15010096109
18101059293
18611462246
13581615823
13601164894
13683227872
18618241067
13718510559
13811145062
13501109443
13811533589
13269555790
18010172044
13241818004
18537663535
13603837777
15901084248
18253377937
18511878525
15010316370
18601059970
15001246223
13622116097
18612869152
13439330339
18610565015
13810697648
13581923554
18614023234
18611144410
13810528155
13810212931
13341123866
13661210577
13691517028
18853256622
18601399108
18149719571
18611913698
13811274516
18210258078
18612539837
15801186687
18600043732
13401185112
18616308947
18610966129
13776663802
15210147121
18614233151
18850312006
13671180062
18580977893
18210437352
18801343389
18210437713
18210979025
15810373530
18510250529
18513235632
13817496749
13120563387
18500192296
18600575594
18610051112
18511247909
13811159188
18610137535
18810802604
18606505793
13269699598
13581559064
15801558331
18910835525
18722327687
13058198765
13699239309
18611966092
13552090147
13699221313
18601005145
15201610349
18632093080
15011573828
17710116564
15001354550
18813137750
13501114860
15652626384
13681139773
18810362842
18618179067
15810904871
18001350817
15611005771
15210678022
13910972338
13141261527
15652798970
15810639053
18600838189
18910057975
15726640421
15994831850
13439617320
13301070923
13521235273
13521086614
15137418147
13911671750
15321217002
13764409008
18002235583
13302960083
13570837287
13910955381
18500972548
15510297126
18810017204
18611664932
15584447279
18612304388
18612965076
18500326684
13811659317
18010167796
17701086989
15002299728
13661172802
18612982089
13811710837
18610292942
15910656627
18010193161
18601967536
15105198524
15313320985
18514024678
17701051171
13522238873
18500956935
15201494032
18701509565
18701055224
15101651862
18612923660
13581525120
13520804752
15652368171
18813119716
13522158736
18600364313
15010366822
15110116607
13488651071
13611031436
15910892949
13718210317
15201332157
13366819892
18601283798
18620251158
13426424122
15201332779
18601091565
18710032060
18612598828
13012170992
18831589038
18820013006
13001149629
15600604037
13910980781
13041257112
13522603303
18600509823
15311780454
18001071651
13718843092
18813119286
18513622723
18604045602
13601219218
13720096966
18612452839
15611816714
15210837662
17600802402
13681019869
18501087123
18610723072
18600138482
15810595267
18515585769
15210139845
15110030023
15658087686
15620458622
18600162304
18610027802
13811159640
13301289869
13552232946
18610278146
13901175398
13520922193
18612272967
18618141537
15510077482
15801346554
13811460933
18615704177
18701392889
18810955299
15810238807
15669963556
13520283845
13167594946
18210177412
13651030951
18610556620
13901035835
13811108514
15210941621
18646648030
18515585145
18210234532
13910734219
18610035048
15901052791
15600257760
18612544054
18911402343
15110026378
13366501073
13621349094
13810754005
15811017886
15801290925
13811388946
18600457371
15651982015
13811407950
18291925259
15618577311
13488863871
13301244215
18238949142
18210018114
13261881309
13331168626
15011095857
15201125019
18211192434
15110086637
13718675763
18810951665
13520027727
15901475810
13911717338
13522067590
18713452558
13522432542
18810445973
18701657597
13810655314
18911758613
13552236184
18210121610
15801636519
18911766436
15811516978
18310843828
13269283272
13718862320
15699931273
18600879761
15010221226
13701319287
18501050924
15652994318
18515139283
15652907540
13521940875
13911277616
13520138016
13810361766
18575511055
15773206165
18390236220
15652937762
18674021010
13121917692
13121997118
13811137990
15711167121
15910428865
13801179825
18610352135
18601239482
13868127508
15210966546
13552407509
13701102615
13331158689
18612928661
15201037160
18810860935
13810731996
15811154460
15201175727
18701338030
15652322770
13911364402
18010180833
15201166792
18500197939
18610297509
13661230811
18511878301
13488704509
13716370944
18210947854
13811320506
18920168878
15058158251
15968120678
15201225795
15801691468
13260220051
18813081815
18810476958
18810528185
18911120720
18031819063
18813031383
13260165773
13811969589
13921110065
13810904735
13817400018
13520427461
15828604018
18510756051
15080347000
13811469676
15652217882
18810686432
18910686942
18618351682
13996096092
13261047544
13811656466
13777855591
15849748558
15600216228
18500803467
18357166128
18600978397
13703517360
15907695511
13822292023
13602528855
18601081211
18612169292
15810530045
13683689135
13520656471
18612292880
18611698804
18801255536
18601357858
18668012021
15901024808
13989480947
15332383188
13764336670
13662385282
13570369613
18019004043
13601789103
18600138425
18513050728
13901326065
15011402625
15652994270
15383321053
18298342641
13716547168
18600575023
15120037950
13263237587
18610563281
15210837300
13958132541
18500079707
13760838151
18116354441
13122239131
18672180352
13732235158
17710180427
13391691118
15801008257
13552682104
15810297585
13301062687
18610566579
13911224837
13883111667
18600524101
13588768335
15869175781
13276716102
15989199749
13811456333
18211207037
18911029305
18611212438
15901185725
18911828018
13888060401
13950511897
15005922848
13725580149
18123978520
15652912243
15600082306
18511177043
18601248851
13141375053
18611414211
18611123536
13720038690
18610808419
18811085808
18610722060
18610345271
15911068716
18910370379
18500548736
13716147675
18800171243
13391527178
13488884297
15611135818
18612259541
18352534760
18601355883
13582496618
13910790840
15122507223
13161725247
13488854768
13438181252
13381028152
18680585516
18767165376
15857171856
15258839515
15757159975
15751862835
13282033103
15068175623
15558083530
13615817242
13811975570
15101023251
13811514705
17600860028
13241255237
18511867427
13811822852
15889605852
18910069761
13120305207
18904791206
18515133215
18701607242
15101641805
18611130094
18612461789
13718724206
18515439623
18514618097
15652293904
15901049672
15910901838
18614083812
13311158287
15032279596
18600580579
18612250439
13811570532
18910553261
13811729629
15001341613
13331052206
15921390745
13581864299
15901204007
18601208455
18701507665
13910271275
15913143517
18612353519
15010568215
18671270048
18612037270
13810033901
18911775204
15901559158
18610876050
15701212405
18711189878
18518633274
15165161006
18949802021
18667028226
15167081753
13221027009
18757137706
18868105248
18815237361
18609815435
15901818123
18086512965
13828827780
18661061583
13311383619
18380428004
13811546055
15910803540
13865921159
18382408928
13581479145
15632299986
18612523891
18612023497
13810701243
18618386795
13426485989
15011571647
18523255525
15011391159
18612223457
15601226287
18515153252
13911291449
13911832421
15298386172
18701387592
18500986620
13911851816
13911084281
17703223329
18701449839
18514491450
17701326994
18611534242
13916432589
13263298998
15600604657
15659834794
18030076492
18620082326
13424419924
13507712889
18620080161
13776608423
18502125188
15996447079
18810942667
13628674782
18801013603
13311569096
18600669074
18601149747
13041267160
18810604220
15567669231
13261368073
18515065369
13439605367
15652527191
15227132365
13651291168
13911225767
18612248737
18610639205
13552051911
18810826879
18796388224
18610522324
13911659031
15822116758
13275646521
18298339269
15652992451
18511870532
13810162432
18612210813
18910819791
15888362948
15861136538
18862190503
18862121274
18210047551
15964997227
18910535833
15500001784
18910578400
15623846293
18826478689
18612182991
18910234603
13381051823
18501959165
18612140403
18671462617
15011434309
13901158497
18611029545
13732213496
15927434626
13535115420
18611581628
18676718536
15868869171
18006789032
18368809543
18621968499
18607138097
13770992080
18520826393
13522241759
18701245223
13811587455
13718917573
18349258319
18813179773
13521772879
18607051812
13426336297
15310431836
18601334193
18601151920
15010155852
15336894071
15321129850
13777362013
15801225411
15810200028
13601262672
18911877747
13601928954
15658137773
18611586653
13488734266
18759256436
18665303898
18059829265
18810435121
13488781320
15810139166
13466782403
15010144704
18600398904
18610475718
13488675903
15210661243
18310138962
18911699655
13401175694
13429672234
15521327953
18811778059
18813178020
13820296160
18810307370
17801076805
13520868171
13956920977
15645141650
13701309849
18696102857
18605662899
18810541087
15801450732
13692188753
18911991072
13407728883
13716317416
13601170511
13811926519
18811742936
18801485891
18501221479
15210802573
18200299878
18801038032
18612353928
18610377523
15855190735
18501908990
15201410054
15810540336
18800109709
15811272941
18611573848
18500721084
18610894946
18911772814
18610763948
18550048200
18612536186
15901385640
18092975778
18515460428
13601357377
18910958530
17602502037
15501013356
18500972884
18058593397
18627756563
18551626680
13817024325
15210835325
18510410189
18611886186
15652695428
18513468377
15811329753
18611088324
13020008620
18001291895
15942219030
18667100017
15757179430
18167158556
13675854025
15757126819
15295700216
18362962585
18061601718
18005180286
15651958890
15996261302
18013867032
18358586567
18815292754
18758016732
18601497838
15986613093
15019275558
15587228007
13610068424
13520209497
18545192193
18810901501
13810452665
13810672252
15117901754
13817724673
18612805219
15652352290
13811134793
15210831433
15600603332
15210582689
18811576417
13811750273
15711250611
18632937080
13581685285
15510352329
18618206083
15858255205
13810985328
18511762548
13520944294
15901010484
18600035961
13910120570
13311319795
18810278487
17801093100
18811720367
15311455036
13051863635
18844190697
13041190062
15101049509
15652291621
18706199403
18097337899
18600342075
13681022731
15604665190
13667696670
13666119149
18676550899
18767199907
18826287916
13581679710
13191476711
18062540536
18613395936
13006336205
18811731264
13182570507
15966810210
18813094611
18964174325
18801730018
13693377720
18149780712
18911200467
15201054013
18518007126
13681269986
18888872142
13391697604
18511490116
15811511961
13126816594
18336361223
13469993460
13146154212
13641236410
13261785051
18811781650
18518067686
18249073891
18810150563
18745033503
15910247562
18996212745
18500212944
13064798500
15120041185
13269889835
18672374856
18612295582
18612978853
13606622797
18681579018
15527067408
15182238740
15282303883
15994288673
18576468272
13047918883
13713575659
18316020823
13632914901
13751323037
15018656593
13763000767
13726259155
13929505709
18826467203
13560734537
13480138459
13612993800
13680795044
13760444674
15986629864
13726911621
15814604453
13603046449
15986609750
13714887982
18500692103
18813029337
18701318456
15040951189
15298365216
15250952789
15251896706
15805811753
13957057389
18895683499
18968030923
18565655539
18206180959
18868187798
15857184728
18652097056
18358590852
18221175910
13865992399
18657132565
13510954553
18503081018
15811539760
18800083929
13423814203
13632849426
15013082499
18510162740
18611919380
18516894896
18988768559
13161192578
18210184572
15811271941
13575756315
18501948758
13426400871
13591743649
15852922808
15168212410
13026341590
17801036472
15624973656
13750022134
15172315495
15757116671
18513580429
18201186500
13910085700
15201092257
18711620744
17710049366
18810759508
13581998476
15810070599
13001278842
18513835137
13336089495
15160027908
18615770202
18657180832
13819135017
13817272365
13588735542
15921262248
18657106391
18667160823
18668127903
13120777012
18957129182
18217027571
18667933403
13671679937
18668128501
13681809114
18668098751
15057170796
13424011063
18668168755
15068111891
18601732481
18758864244
13166358350
18698573325
18616028737
15158114091
15021554110
13456502551
15990020918
13501766513
18806819678
13436978020
13757560308
15026684648
15988825370
13671533709
15824165896
13764402503
15558152832
13761011902
13510578067
13564964240
18668045659
13732245683
18616545203
13967134905
15618324446
18601059850
15836788106
18601743916
18611235967
13310021200
18857165743
15658830361
18616619601
18627848225
18621066109
13700860389
13482602518
18603821555
18902490335
15868416265
18600367398
18096652688
18600918310
18017766255
18626165383
15700180936
15900719616
18016090910
18868796801
13818195393
13738110520
15001951759
18652948521
13524634969
15958019948
18964611070
13262818881
13917224225
15821266087
15910650010
18221220886
18757562964
13701931555
13818405543
13901614304
18019085567
18621772716
13941122676
13482684890
13519152075
13671975176
18652098378
15000106480
18638138985
13917764342
18629026605
18930840075
18121240033
18516240944
13998692116
18221761040
18116346789
15221955486
13917389011
15921262098
15602176628
13524310754
15600226882
13916025010
13930878787
13601859523
15928921075
13916483660
18037276187
15700180557
13817098436
13842699128
15921632548
15336893335
18721951623
18667018767
18616951939
13816886463
13628069090
15921978464
15838221339
15813821927
18501799673
13136176836
18621571192
18627178903
18717171542
13402197997
18602514351
13585819173
18946685100
18910506084
13321407311
18601798097
18609817145
18918120830
13331763330
13816606665
13555889810
13817219217
18640106988
13436906898
13526633304
15158038298
18657122520
18702150533
18131120191
18767114579
18602199878
13675858459
18217052709
18692297212
18688793329
13624469648
13520483533
18367157737
18120070402
18621722742
18608026230
18621797147
15002261439
13777575636
18017837976
15988162063
15921118249
18767131160
15921360128
13616558176
13764116171
18588260166
15921342755
15013071156
15068144264
15921211779
18866150855
13524257865
18264110987
13262983898
13656649912
13917898401
13296738788
15921286231
15651759629
13764222803
15715804386
18957102221
13012885791
15295798523
13761493027
15988852076
13621816741
18559818568
13585923984
13857162441
18721804122
18958013491
13636640528
13524200121
13134504789
13796616815
13818448057
13251003713
15900649676
18758069487
13810670024
18217494533
18601027037
15869154040
13922878610
13558112102
15578079211
18616705396
15267480597
15000892414
15604602111
13867452687
18657530206
18629029860
18606159472
18775340453
13817343899
15869154048
18501658730
17701699291
13675845328
18621063050
18611526100
18217671037
15021791956
13908082902
13917552343
18069833899
13651868829
18101892567
13681910709
18626880061
15901982956
13738154523
15821308283
15895954672
13501756487
15167113671
13162433868
15825545455
13588294481
18501770724
18106575760
13916895152
18667032490
13003200339
18600143390
18638118836
13501869861
15710147574
18814883203
15000404267
13685789124
13817452976
13867413948
18867507534
13917686372
18561827999
13356642183
13585611161
13170860183
13661955460
18122373722
15800775067
15905819337
18116212622
15216754502
18037680159
13564046548
15397018320
18768125680
18868741437
13130011367
18758899838
15800782339
18637926161
18367105807
18698558917
18612633782
18521066881
18668157863
15821138461
18757105681
13816772911
18768132515
13585533962
13735873203
13709437015
13564858808
13456717655
15852063461
13648314112
13764172771
13867485224
18640017570
13805726550
13761223193
13564003859
13774395024
13315537979
13910028099
18835175476
13935173571
13524580508
13936559560
18551630343
15057192302
18321575683
18530911544
13918708838
13027779252
15022981292
13564204267
13068810457
15000178970
13750853573
15201925189
15858283790
13661423905
15714111150
18868180931
17701301017
18652758588
13564328324
13858190309
18580208502
13811588617
13668116108
13901725724
18667110335
13761299428
13888772974
15888866091
15800018292
18658868157
13868003810
18317100362
18889644945
13634119730
13699228087
18802774997
13810090885
18689986946
15811320691
13735425226
18820775961
13634161948
15000622906
18706739076
13817900453
15158082503
15685135056
15986721139
18601210784
18911660784
15146635675
13701754947
18688909289
13681749842
15546105523
13472641572
18758590232
13750849886
13818305342
13416315224
13883630994
18964658733
15867122359
15031552557
15657177948
15821681020
13285811567
13801964182
15307730832
18521083336
15857178351
13661996772
18667007765
13764478364
13588044608
13003296112
18039555787
15000004108
18560668089
13761057544
13948611681
13564271550
18538866017
15921636829
15621666288
15064653265
13671921258
13007427218
13910931959
13817301211
13881718350
13166216278
18668417588
15868807266
15802168491
13588010267
18121000428
18258277186
18121281580
15261653695
18308943331
13998661443
18675539462
13512078659
15000578467
15967138931
13122280020
13393988808
13661508151
18655837827
18930523603
15510586392
18016065110
15906621026
15618950261
18668192575
18658157637
15376998359
13636347228
18858121892
13641999790
18650928892
13185096428
13570296950
13372507971
18610920504
15876525197
15651696952
15167140726
15070970498
18706171619
18210922952
15168287382
15268050887
18622267256
18958003167
13121713154
18610475115
13041009613
13767123944
13501767701
18958189698
18617328472
15546431633
13588404525
18858144769
18566175695
18767126361
13817048609
13564791949
13129414483
13967164698
15618676615
18257191023
15925696977
18256959676
15066193519
15262191901
18956054943
18656085371
18502826665
13816777252
15255567502
18763138257
13820887633
18758554560
18705513839
15014241062
18256078750
18602162722
13881840169
18624349180
15030550615
15680677772
18608006066
18665626638
13705699346
18516074518
18500135230
15801709604
13910890849
15021945407
15968120573
15618519098
18613960109
15221849766
13003666700
15821044954
18600774215
13567118951
18601699332
18958105675
13735840068
18618483412
18610332096
18255501695
13751792944
13486165860
15700162512
18668103239
13918783587
15800903029
18685006336
13757168522
13162033796
13810675818
18611782670
13674820369
13681623383
15345888378
13257098176
18452641158
18206193069
13757196474
15002161399
13810268268
13311159753
13818068668
13738116391
18367195210
18536668159
13275249937
13752099308
15958001319
13539915210
15970633843
18818261553
18930280609
18601037041
13916421713
13113329890
18016065353
13575786541
13524947093
18636802021
15862744911
15155060265
13675861434
15618115869
18267168880
18611846141
18721826623
18806539294
18767117513
13552228734
15800780786
13521368945
13691131339
15699768758
15210401601
18611178731
13918848257
15995001099
13918471051
18626869071
13003695997
13396502846
18521065463
18668055120
13816838317
18101643068
18601708031
18910470787
18721706491
13516701499
18858119460
15869029360
13067831789
13817215962
13916932559
15910649610
13120595223
13819107550
15618092607
15922147020
15886696662
18057185070
13575740266
18098939659
15868849852
18005812290
13817758052
15058159076
18916237627
15967142938
13472753200
13585803048
18588800721
15501013577
18660809546
15123037717
18559816118
15001726877
18957153013
15906620192
18565791634
13148829713
13636437314
18868811944
13336031887
13472515985
13646853611
13917757659
15088615400
18903243517
13622281842
15601862899
13821326362
18521096658
15088600785
15000961321
18601623097
15210459571
18600560771
13122150525
13867460849
13671632306
18612290980
18761539034
18612523731
18918189802
18612351842
13818791202
18654558447
15257137306
18621119075
13656665432
18916189678
13758239375
13681813860
18057737237
18601320902
13918450793
15088688806
13581888982
18868985158
18621031107
18861528832
18621705467
13916308214
18101719119
13916871817
13681761360
15858175958
18060505766
18210536823
13917903912
15002054519
18758023867
18607001766
18019991906
13817592603
18996238665
13788942864
18507280899
15905180614
18061687091
13602129412
18013289935
15158108646
18621803681
15021990387
18758230396
18301799210
13660191648
13810278974
15018758247
18561308562
13673187277
15011202269
15990149142
18862175825
15068865124
18505818515
13738108012
18857138262
13867403163
15868819176
18858261027
15010509686
15618699683
18241753099
18858261027
18802447447
15692421894
18355331017
18817510991
13763346014
13601238972
13588271141
18352566996
13901587486
13706814195
13418809283
18610214806
13185028561
13107717056
15657165602
15657138293
18767168525
13774395212
13777370937
18717820972
18611336362
15900613192
18058179136
13482583367
18768104454
18910272732
15990081339
18917125139
18186100396
13761579553
18911665382
18699155245
15067151162
15601677300
18221091074
18814884329
13501688061
18500950575
15914320028
13002535886
13788933018
18511878552
15000932687
13331193926
13901714997
13588743231
15292422408
13667272930
0963-038383
15177460001
17701841586
18612115615
18911672034
13655196381
13918359431
18311281159
15601871836
18611575374
18621500636
18611088394
13810409539
18838080012
13764235125
18616293958
18817861035
13916841715
18101095665
13301011074
15601756121
18551788100
13426013684
15606510650
15601706236
13651379073
13336006687
15021458935
13501900252
13611835923
13588809787
13738000823
13751824091
18182769188
15515668969
15068150996
13989466689
18069219079
18768175702
15088602174
13216810639
13656665101
15397103520
18806505293
18602981266
13185039800
18616383693
15167140257
15104525173
18857115535
13426320115
18506821612
13488787212
13357197263
15068839375
15657179837
18667108421
15957165421
15168269399
15657180905
18601239071
13666247671
13764299041
18734928751
13916185877
18820797343
13681815651
15968108253
13761738293
15868147025
13761691017
18868814423
18311012256
18817872662
18817840233
18973579147
15618797929
15058423254
15073166217
13998390082
18340593222
18662362252
18583688618
15901687564
15640009113
13840597405
15041216329
13655713759
18004441880
18918352576
18221187560
13958023782
15921992382
13671771401
18767223718
13621700250
13968183845
13788936717
13585832183
18930703670
18500536928
18868880123
13823371038
18811342435
13675812913
15925671540
13918828842
15857174140
13681798046
13821239445
13645816982
18657118616
18358186040
13971419856
18657095080
18591088535
15967100424
18735119273
15776641677
13521493206
15158842933
18601042419
15158812119
13336122021
15869170336
15700079781
15988187941
13957599927
15167968268
18621866922
18768005122
13675820222
15925646464
18258828510
15618596253
13636305516
13718356461
17701202060
13901033628
18516110690
18801491666
18658104030
13588447124
18625163450
13858199430
13917248871
18768463539
15715181869
18600362025
15221742629
18501602959
13732276087
15902738245
13816971928
13511071062
15901896180
18768126647
18667126126
18699140607
15990141027
15868407553
18758067757
13732280520
18551814576
18069825758
15381152173
18610124605
13656663056
13906168029
15905811141
15900876371
18357123612
18688484050
18616777907
13738003711
18552089667
15919165680
18817333363
13520669300
18621673347
13564952171
13811663848
13588314870
13122826246
18911129929
18621706972
15900469458
18657131611
13989807428
15651733393
13121161743
18071599934
13795251284
15867153758
15255553034
18201927307
13512180633
15268561447
15924100163
13588162583
18676757874
13816422580
18676836198
13575756756
18551623191
15932901956
13814077112
15356683493
15868884065
15088696585
18321825332
18610994957
18801731585
15757122479
18969101975
18601690511
15724997070
15821694403
18395835918
18616980991
18268803978
18621993549
15990036526
13796057527
15658827906
18516180010
15910761029
18601232820
17755907089
13917010913
18901454388
15650725658
18767174846
13916781580
18658870293
15921258256
15665125712
18767149267
18621391556
15058176559
18101882541
15601832315
18868103292
13805742776
13817902966
18657192363
15158192171
18518027198
15968822713
13911992645
18758883033
15669092243
13240726345
15888875413
15210601979
18041155050
18368151429
15155938994
13757012668
17098072729
13675893602
15606529897
18667033167
13918806737
15101675646
13764659445
17705816446
18964002771
13581884575
15021101552
13732252276
17701147799
13968024722
15252923266
17090148286
18221266171
15381157536
18621953448
18689618899
15178652220
18392181015
15919630145
13396536021
13774206067
15088630468
18616776152
18657178553
18355176836
15958199335
17717323530
18511878262
15900656998
18626887161
13685773937
13126605692
15868819029
17757419147
18868809577
15958189662
15858245141
15967169387
18857115321
15995281187
18516332461
18258826292
15907449369
18758251911
13611878524
15068813279
13651776756
13857127425
13575734748
13161255443
18911700527
18501663453
18918275927
18656329520
18321905819
18768120382
18911797584
15858173247
13764067937
15967179099
18352839100
13429170610
15972040247
18521569143
18806506499
13761607114
13127598517
18651337624
15000533080
15168218211
13071864533
13754328705
15224048055
15968878910
18500125578
13856367856
18501368636
13918617718
15375470234
13426351891
13163993373
13777423541
18815225809
13426049396
13296628411
15102849335
18857145142
13649313716
15088615517
13830833094
13001941388
13629517555
18981972832
13889081644
18618167263
18699137770
18310942151
18202943950
15988855741
15297100181
18896988534
15694426699
13906165521
18628078677
15980603474
15894654895
13426193276
18850466817
13425101235
18709681662
15858232480
18506000789
15558116218
13011373317
18310971080
13601258748
15675360763
18311131464
13020513358
15755082483
13311865701
18620092730
15502184803
13757116179
18101860485
15088615310
13611794521
13616557080
13671948503
15597208195
13052096982
13336095519
13588150246
13522071956
13699258796
13311527515
18625084476
13701399933
18911192955
18571478188
15077882487
15996200827
13422475331
15170526052
18202772705
18358153891
15868167416
15821056252
18667195568
17826848630
13067779663
15692177912
18612520808
18516822693
15088682319
15088718820
13182821928
18801249797
13916265797
15958024033
15210674024
18565630044
13810085008
18705188476
18521033443
18801494912
18368161208
13739191527
13718913610
13819492560
13758287475
13588868562
13185005350
13515119505
15801639640
13758231609
13162021616
18701800875
18710401546
15212639922
17098079775
13958175754
18626012671
15201586146
15958136465
18627048632
13366475737
15306590889
18810860239
18211186511
15652961870
18610990578
13002233678
13821166427
15158134861
18610568769
15330238219
18601032674
18511878680
15201099859
18049211943
15901053602
13515129837
13710168342
15910281422
18668127736
13051663227
13685740107
18600950758
18612169216
15990124721
15858107375
18610316154
15010635201
15805810401
15652087315
18257157612
15210110726
15884527189
18511870586
13836303297
18329138616
13811545545
18675955525
13719047034
18688489067
13534288037
15019281016
18824255407
18820272846
18394173898
18153627076
13519626036
18392374021
13892815699
13086259944
13109772255
18709578186
15309516304
15769518682
15901178999
13323325855
18810839377
15011141216
15011012808
13810656138
18500055701
13920015678
13716909862
13581827724
13910906101
15011505840
13701218913
13501002859
13810857727
18610241560
13810848133
18615342900
13681594051
13821935189
18622977533
18602239717
18850730571
18649712732
18655751331
18853116781
13395279530
15153233522
13806392277
15810723412
15659983303
18650030995
15538328083
18768172260
15345820007
18698719750
15542413020
18249104693
18640067818
15140041730
13998284167
18186884023
13881981972
18669068186
13708727045
18982180532
15816854086
13995618930
18670068684
13667376006
13875838550
13975894444
18580127951
18523070314
18601766330
18116364616
18510328921
15195576065
18510508364
18767136172
18680688665
15558177766
13811810612
17710333885
13718598668
13366031603
13260647913
15996281116
13296873168
18620604848
18664813622
18976528688
13675816535
13573128486
13065060105
18689978031
13588088690
15989195559
18654554487
18771997123
15939645427
13646866623
18210907099
18258873630
17710356858
15988854517
15650783610
13521355941
15994831650
15356660520
15605254091
13701193253
13627607951
15202469646
13584032710
13918273410
13146818815
13735827706
18268177298
13683251884
17090135590
18618332995
15527658898
15810410031
13611355650
18692361122
13168735898
18710505628
15911104164
18795895300
18356083026
13811987125
18868819334
18248428288
15167142253
15306557979
18005715514
18126188765
18601312486
13366981902
13735870036
18268846456
15021424851
18611583752
15850445070
18868113209
18811714844
13882125828
15378203464
18618206120
13552065431
18710088650
15267024989
13522953557
13910102403
13810115508
15958557595
13777052318
18358583205
18620556025
13701140074
18611776305
13051202653
18231197781
18071708147
18611355923
13911252102
18612260376
18612423207
13488789884
15204082262
15210960199
13521915362
18515654396
15810477403
15210121368
13811091499
18618396710
18918525385
13120401361
18310646799
13651379072
15901068639
18810806883
13575462088
13552556226
18600219398
13521363621
13771015367
18611521346
13864247816
13430698941
13581519901
18618417180
18810659897
13051169297
15321259435
18680701414
13036689672
13269174241
18550096216
18268932472
15201432027
17710194840
18612039866
18810126226
15926375785
18511863785
15011598015
18235413665
15917912986
15558091027
15757164280
13777588137
15762285857
15966865492
18563929882
18630243135
15266205640
18153221903
15810462310
18222497814
15986646845
15889659629
13631427656
18814126693
15012999053
15817216086
13048772594
13590218360
13077827966
13530293377
13267085720
18684005031
15813749936
15919419547
15871372478
18329438499
13423956367
13760878110
13760419570
15814617163
13751330128
13570886857
13811518262
15813868427
18670370283
18511058577
13910099022
18612701703
18611088891
18618453836
13520289748
15801652359
13681930896
15620957328
18684751494
18600228754
15300068876
18910275281
18514260988
13811912167
18500842256
18515572868
18811792109
18810926029
13261701118
15010470757
18501031049
18520858668
13164282694
18600489549
13398423330
15852927505
18842836214
15600562134
13621046304
18500291281
13811639603
18610024573
18301969402
18658868886
13817674064
13918068932
13763815020
17717393074
13621863092
13817910004
18516562856
13910149151
13237195172
13580507410
18616605181
18688871122
18612250131
13911024735
13581813750
18515063676
18610112078
13811016361
13889896741
18610108520
18811433507
15810299089
13716617837
18501258650
18510408215
13910882646
13146758469
18601241006
13381061880
13911513287
18910717608
18910058288
18622201575
15542329585
18614066203
18701099302
15110125581
13701221205
13641340347
13720056198
15910549874
13120456389
18811456770
15313950673
13261990036
18514756623
13581765016
18513517609
18211156962
18910258837
15652929015
18013333341
18758141579
15757833214
15757481518
17816868967
13691120809
18810656294
18811384543
18502705400
13520276785
17746547545
18331097293
15989244863
18825179487
15910552054
13717888822
18010119601
15067154945
18611314526
18801470532
13537751155
13682636972
18588400953
15002056283
13262503618
13138869991
15216610672
13161616993
18612560208
18610806702
13581955704
13828487297
18600152828
15662317605
15210964869
18500331147
18810923103
13240947303
18911393216
13718917573
18362970767
15189807507
15982638881
18392085054
13522292143
18665640909
18910898176
18510861777
15618639562
18917079336
13552273922
18618396608
13426407566
18701191487
18701363133
13811893462
13439251201
13619332855
18610022642
18601165168
15726692169
15601203023
18603005197
15910530384
18310670513
13699275021
15010307600
18710025928
18911706410
18606203291
18611446631
15652559172
15811113086
13437136620
13588048650
15905658437
18018690198
13735464815
15858023288
13067723586
18913914556
13451170497
13717507300
18248488188
13666612870
13625810102
18610102418
18072786209
15172323790
15088695457
18857162317
18357162001
13260260546
13182817720
18101600690
13011112460
13685796174
13175052529
18601921602
13810910291
18611204343
15810745871
17090145190
13681482726
13401081680
18985551726
13126583850
13910227021
13811880172
13811284375
18601350550
18611741743
13810499977
18911207819
13031152323
18010077027
13520381890
13466672775
18618488685
13811118497
18911569255
18672317818
13488699928
13910184891
13161525930
18744022379
13683232692
13720014691
13512144497
18551745350
13910983832
18120162295
13821917665
13715636590
18762671536
15117930107
15210942515
13810656725
15208110744
18515485880
18603411881
18611992965
18810622650
18513851097
13656698980
13718435312
15802865352
18710020746
13910143781
13401132561
13701156664
18612450605
13318376777
15198284509
18601057382
18701689921
13392101333
13572884735
18666628785
18607143988
15011241610
18510665005
18618238432
13811400863
15001363570
18611964654
18911079849
13426006023
18612706103
13607097384
18551670623
13120088842
18522157060
15101529289
13810136767
13051060901
13121434757
18813058857
18810322446
18811733314
13120330930
18586818525
13071188044
18652991298
15821130646
18611420926
18510003412
15089454002
18800173723
18811723935
13701273554
15210572104
15297676167
13006699339
13246754664
13980829955
15600608757
15116948037
15911187757
15101088380
18953101270
13501978046
17600854886
13716050253
18662595301
18002571192
15001258788
15210239684
15001052290
13683588171
15652399574
13810252922
18601931922
17702096636
15210839370
18500787669
15810741271
18911601128
18601929161
13366376760
15201489069
15810739689
13051592603
13051572925
17710393690
18500200916
18801321249
13401173281
15010844540
18802015390
13581793713
13426084179
18500788678
13691568445
18910232617
18768118658
13073338176
18210329701
18645117839
18957134357
18868172293
13588813140
15088639691
15867136765
18611551369
15858198743
18601382147
18813111692
13683145401
15810173504
17099245154
18767112943
15869003840
18457119214
18358575386
13819177937
18255976557
18814864313
18258291102
15824687971
18237139057
15056242170
13777820957
18860466422
18057153231
13750856564
13757150420
18258826218
18868809601
13261400760
15910773219
15910757656
